Case #1: 3 4 6
Case #2: 22 222
Case #3: 7 14 17 20 22 24 30
Case #4: 1 4 5 8 10
Case #5: 36 37 38 39 40 41 42
Case #6: 4 8
Case #7: 2 3 4
Case #8: 23 27 32 36 43 45 51 62 63
Case #9: 2 3 4 5 6 7 8
Case #10: 2 4 5 6 8 10 12 13 15
Case #11: 5 10
Case #12: 1 2 3 4 5 6 23
Case #13: 17 20 23 25 28 30 32
Case #14: 6 7 8 9 10 11 12 13 14 15
Case #15: 4 12 19 25 26 27 28 29 30 52
Case #16: 67 99 135 147 199 218 235 241 249 269
Case #17: 22 28 30 34 41 42 49 50 52
Case #18: 4 8 12 14
Case #19: 6 8 11
Case #20: 5 7 9 11
Case #21: 2 22
Case #22: 6 7 10 12
Case #23: 5 7 11 15 16 22 25
Case #24: 2 4
Case #25: 5 7 11 16
Case #26: 2 5
Case #27: 1 2 3 7
Case #28: 10 12 15 16 19 22 23 25 27 28
Case #29: 15 20 26 30 33 34 36 38 44
Case #30: 18 30 35 39 43 45 47 48 52
Case #31: 2 4
Case #32: 6 8
Case #33: 3 4 5 6
Case #34: 34 51 65 89 97 108 120
Case #35: 1 3 4 6 8 10 12 13 14 16
Case #36: 36 56 69 97
Case #37: 12 15 18 20 23 24
Case #38: 9 12 14 15 17 19 20
Case #39: 2 6
Case #40: 8 15 16 17 24 29
Case #41: 18 31 32 35 42 43 48
Case #42: 27 31 35 42 43 49 52
Case #43: 3 4 5
Case #44: 2 3 4 5
Case #45: 1 2 3
Case #46: 4 8 11 12 15
Case #47: 9 10 11 12
Case #48: 31 32 33 34 35 36 37 38 39 40
Case #49: 17 19 21 29 32 35 36 41 45 48
Case #50: 14 21 29 31 35 43 47
