Case #1: 3 4 6
Case #2: 8 11 13 16 17 19 21 23 25
Case #3: 34 43 49 66 92 102 115 141 152 154
Case #4: 18 24 26 27 29 34 39 41 45 46
Case #5: 5 6 7 8 9 10 11
Case #6: 2 3
Case #7: 7 12 18
Case #8: 7 17 27 37 47 57 67 77 87 97
Case #9: 2 4 6
Case #10: 22 222
Case #11: 7 10 15 18 20
Case #12: 1 2 3 4
Case #13: 6 8 10 11
Case #14: 6 11 21 25 27
Case #15: 2 3 4 5 6 7 8 9 10 11
Case #16: 3 5 6
Case #17: 6 8
Case #18: 10 12 15 17 22 23 26
Case #19: 2 10 11 12 13 14 15 16 17 49
Case #20: 1 2 3
Case #21: 2 3 5 7
Case #22: 7 8 11 12 14 16 19 22 23 25
Case #23: 6 12 14 17 20 24
Case #24: 7 9 12 13 15 19
Case #25: 2 4 5 6 7 9 10
Case #26: 4 8
Case #27: 7 9 11 13 14 15 18
Case #28: 70 111 118 144 146 175 211
Case #29: 17 19 21 23 25 26 28 30 32 33
Case #30: 4 9 13 16 17 18 29
Case #31: 4 7 9 13
Case #32: 12 19 22 23 27 28 33 36 37 40
Case #33: 14 18 22 24 28 33 34 37
Case #34: 10 12 17 23 24 26 27 29
Case #35: 63 75 95 96
Case #36: 3 7 11 15
Case #37: 2 4 5 10
Case #38: 1 3 5 8
Case #39: 2 22
Case #40: 43 44 45 46 47 48 49
Case #41: 2 6
Case #42: 2 5
Case #43: 2 4
Case #44: 3 4
Case #45: 21 27 34 35 42 51 55 59 61
Case #46: 5 6 9 13 18
Case #47: 2 4
Case #48: 2 3 4
Case #49: 3 4 5
Case #50: 14 17 20 21 23 24 26 28 30 31