50
3
1 2 3
2 3 5
3 5 6
2 3 4
1 2 3
9
9 12 14 16 17 21 23 26 28
11 15 17 20 22 24 26 27 28
1 2 3 5 6 8 10 11 13
3 6 8 10 12 13 15 17 19
7 9 11 14 15 17 19 22 24
8 11 12 15 16 19 21 24 26
10 13 15 17 19 23 25 27 30
3 6 8 9 11 12 14 15 16
13 16 19 21 24 26 28 30 32
10 13 15 18 19 21 23 25 26
1 2 3 5 7 8 9 10 11
5 7 9 12 14 16 18 20 21
2 4 6 7 9 11 12 13 14
11 14 16 19 21 25 26 28 32
2 4 6 7 9 11 13 15 16
6 9 12 14 15 16 17 19 21
5 7 10 12 14 15 16 17 19
10
144 154 173 199 221 253 268 306 328 345
105 115 140 165 183 203 221 239 247 270
11 29 36 58 78 90 105 123 143 144
93 120 149 167 203 231 247 281 296 328
78 92 108 111 126 155 179 189 203 215
58 66 87 107 125 143 150 152 167 192
29 43 54 75 80 90 115 119 120 140
123 141 151 175 191 219 235 264 281 304
44 75 76 107 111 130 165 175 176 199
47 80 84 125 126 133 183 191 197 221
90 102 128 130 133 159 182 209 231 254
11 34 37 44 47 62 71 74 93 103
62 90 110 143 155 159 203 219 241 253
37 54 62 87 108 128 140 151 163 173
71 115 136 150 179 182 221 235 246 268
74 119 138 152 189 209 239 264 281 306
143 152 163 176 197 241 246 281 296 329
36 49 62 76 84 110 136 138 149 165
103 140 165 192 215 254 270 304 329 345
10
3 5 9 14 18 21 26 31 36 41
26 33 38 40 42 45 48 52 56 59
21 29 32 35 37 38 44 46 50 51
36 37 45 48 49 53 57 59 64 67
12 17 26 27 34 38 45 50 53 62
41 42 50 55 58 62 63 68 72 74
15 24 29 35 41 46 52 56 59 68
10 11 22 23 29 37 42 46 49 58
5 6 12 19 24 29 33 36 37 42
9 10 17 22 27 35 40 42 48 55
20 25 32 39 45 50 56 61 64 72
6 9 15 21 26 32 38 40 45 50
3 5 6 9 10 12 13 15 20 23
9 12 15 17 22 26 28 29 32 34
23 27 34 40 46 51 59 66 67 74
31 36 40 42 46 50 52 56 61 66
13 21 28 30 39 44 48 52 57 63
5 6 9 10 11 17 21 24 25 27
14 19 21 22 23 27 30 35 39 40
7
4 5 6 7 8 9 10
6 7 8 9 10 11 12
6 7 8 9 10 11 12
1 2 3 4 5 6 7
3 4 5 6 7 8 9
1 2 3 4 5 6 7
2 3 4 5 6 7 8
7 8 9 10 11 12 13
4 5 6 7 8 9 10
5 6 7 8 9 10 11
2 3 4 5 6 7 8
7 8 9 10 11 12 13
3 4 5 6 7 8 9
2
4 6
2 4
3 6
3
7 13 18
3 6 7
6 10 12
3 6 7
6 10 13
10
11 12 13 14 15 16 17 18 19 20
8 18 28 38 48 58 68 78 88 98
6 16 26 36 46 56 66 76 86 96
1 11 21 31 41 51 61 71 81 91
9 19 29 39 49 59 69 79 89 99
10 20 30 40 50 60 70 80 90 100
81 82 83 84 85 86 87 88 89 90
51 52 53 54 55 56 57 58 59 60
2 12 22 32 42 52 62 72 82 92
4 14 24 34 44 54 64 74 84 94
91 92 93 94 95 96 97 98 99 100
61 62 63 64 65 66 67 68 69 70
3 13 23 33 43 53 63 73 83 93
21 22 23 24 25 26 27 28 29 30
71 72 73 74 75 76 77 78 79 80
31 32 33 34 35 36 37 38 39 40
5 15 25 35 45 55 65 75 85 95
1 2 3 4 5 6 7 8 9 10
41 42 43 44 45 46 47 48 49 50
3
5 7 9
6 8 9
4 5 7
2 3 5
3 5 8
2
22 222
2 22
2 22
5
14 16 19 24 28
4 10 15 16 20
12 15 18 22 26
2 4 7 12 16
12 18 22 24 28
2 7 12 14 17
16 20 26 28 30
7 15 18 19 23
17 20 23 28 30
4
2 3 4 5
3 4 5 6
4 5 6 7
4 5 6 7
3 4 5 6
1 2 3 4
2 3 4 5
4
4 8 11 14
7 10 14 16
7 11 14 16
8 14 16 17
3 6 7 8
8 11 16 17
3 4 7 8
5
2 6 11 16 17
2 5 6 11 12
11 13 23 28 33
16 17 25 28 33
17 18 27 33 36
5 7 16 17 18
6 7 11 13 18
12 18 25 33 36
11 16 21 23 25
10
5 6 7 8 9 10 11 12 13 14
10 11 12 13 14 15 16 17 18 19
2 3 4 5 6 7 8 9 10 11
5 6 7 8 9 10 11 12 13 14
10 11 12 13 14 15 16 17 18 19
8 9 10 11 12 13 14 15 16 17
4 5 6 7 8 9 10 11 12 13
3 4 5 6 7 8 9 10 11 12
1 2 3 4 5 6 7 8 9 10
6 7 8 9 10 11 12 13 14 15
8 9 10 11 12 13 14 15 16 17
9 10 11 12 13 14 15 16 17 18
1 2 3 4 5 6 7 8 9 10
6 7 8 9 10 11 12 13 14 15
4 5 6 7 8 9 10 11 12 13
3 4 5 6 7 8 9 10 11 12
7 8 9 10 11 12 13 14 15 16
9 10 11 12 13 14 15 16 17 18
7 8 9 10 11 12 13 14 15 16
3
4 6 10
3 5 8
1 3 4
1 3 6
6 8 10
2
2 6
4 8
2 4
7
2 3 5 8 10 13 15
6 8 11 13 16 17 19
2 3 6 8 11 12 13
1 2 5 6 9 10 12
6 8 11 13 15 16 20
3 5 8 11 14 15 16
12 13 16 19 25 26 27
1 2 3 6 7 8 9
5 6 8 11 12 14 17
9 11 14 16 19 22 24
8 13 14 16 22 23 26
7 10 12 15 19 22 25
9 15 17 20 24 26 27
10
1 2 3 4 5 6 7 8 9 46
8 16 23 29 34 38 41 43 44 60
7 15 22 28 33 37 40 41 42 59
6 14 21 27 32 36 37 38 39 56
46 48 50 53 54 57 58 61 62 64
7 15 22 28 33 37 40 41 42 58
4 12 19 25 26 27 28 29 30 52
6 14 21 27 32 36 37 38 39 57
4 12 19 25 26 27 28 29 30 53
3 11 18 19 20 21 22 23 24 50
9 17 24 30 35 39 42 44 45 62
47 49 51 52 55 56 59 60 63 64
5 13 20 26 31 32 33 34 35 54
1 2 3 4 5 6 7 8 9 47
9 17 24 30 35 39 42 44 45 63
2 10 11 12 13 14 15 16 17 48
3 11 18 19 20 21 22 23 24 51
5 13 20 26 31 32 33 34 35 55
8 16 23 29 34 38 41 43 44 61
3
2 3 4
3 4 5
3 4 5
1 2 3
2 3 4
4
4 5 8 10
4 5 6 8
3 4 6 9
1 2 3 4
1 2 4 5
5 7 9 10
2 3 4 5
10
4 8 11 14 17 21 22 24 26 28
14 16 19 23 26 29 31 32 36 39
13 16 17 20 22 25 26 29 32 33
3 7 8 11 16 19 21 23 25 26
16 19 21 23 24 27 29 32 33 34
5 7 8 10 13 14 16 18 21 23
8 13 14 17 22 24 26 29 31 32
17 21 22 24 26 28 31 33 35 37
20 23 25 28 33 34 37 39 42 45
2 3 4 6 8 11 14 16 18 20
24 26 28 30 32 37 39 41 44 45
19 23 24 26 29 31 32 36 38 39
6 10 12 16 20 23 24 26 27 30
11 14 16 20 25 27 28 31 34 37
18 21 23 27 32 33 35 38 41 44
16 18 22 25 29 32 33 36 38 41
2 5 7 10 13 16 17 19 21 24
21 25 26 27 31 34 36 38 41 42
10 11 14 16 17 20 23 25 27 28
6
2 5 7 9 12 13
5 8 11 12 15 16
9 15 18 21 22 25
3 8 9 10 13 16
13 16 22 24 25 27
9 10 16 17 21 22
4 11 13 16 19 22
12 13 19 20 22 24
7 9 13 14 18 21
11 16 21 22 24 27
2 3 4 6 9 11
6
14 15 18 20 24 27
11 12 15 17 18 21
7 9 12 15 20 23
11 13 17 20 22 28
13 15 18 24 25 32
14 19 21 27 28 36
4 7 9 11 13 14
18 20 21 22 25 28
9 12 15 18 21 26
4 7 11 14 18 20
20 23 26 28 32 36
7
11 13 16 18 19 22 23
7 11 13 15 16 18 19
5 7 10 12 13 15 16
2 4 5 6 8 10 11
4 6 8 10 11 12 13
8 9 13 15 16 18 19
6 8 12 14 15 16 17
9 12 15 16 18 20 22
6 10 12 14 15 17 18
10 11 15 17 18 20 21
5 8 10 12 13 15 16
10 13 16 17 19 21 23
4 6 7 8 9 11 13
2
6 8
2 6
2 4
7
2 4 5 6 7 9 11
4 6 7 8 9 10 12
10 11 14 16 18 20 22
5 7 9 10 11 13 14
7 8 10 11 13 15 16
5 7 9 10 11 12 14
9 10 13 15 17 19 20
11 12 14 16 19 21 22
9 10 12 13 15 19 21
2 4 5 7 8 9 10
4 6 7 8 9 10 11
8 9 11 12 14 17 19
6 8 10 11 12 13 16
7
52 141 150 163 175 196 217
49 122 123 128 146 164 193
66 94 117 126 128 163 208
73 131 150 162 164 196 217
40 63 87 104 122 141 165
74 156 171 192 193 217 219
42 104 115 126 144 162 192
36 63 83 94 111 131 156
68 165 190 208 211 217 219
46 83 89 115 123 150 190
17 40 46 66 70 73 74
17 36 39 42 49 52 68
39 87 89 117 118 150 171
10
8 9 13 14 15 17 19 20 21 25
2 3 5 7 8 10 12 14 15 16
7 8 11 13 14 15 17 18 20 23
12 13 15 17 19 20 23 24 26 28
14 16 18 20 21 22 24 25 27 30
14 16 17 18 20 23 24 25 29 30
10 11 14 15 17 18 21 23 25 26
2 4 5 7 9 11 12 14 16 17
4 6 7 8 9 11 13 16 18 20
5 7 9 10 11 13 16 17 19 21
16 17 19 20 21 25 26 27 31 32
15 18 19 22 23 25 27 29 31 32
3 6 7 8 10 12 14 16 17 19
7 8 10 13 14 15 17 20 22 24
5 7 9 11 13 14 15 18 19 22
11 12 13 15 17 18 20 22 25 27
12 14 16 17 19 21 23 24 27 29
9 10 11 14 15 17 19 21 23 25
16 20 22 24 25 27 29 30 32 33
7
2 7 8 9 10 11 25
22 24 27 28 30 32 34
23 25 26 29 31 33 34
1 2 3 4 5 6 23
5 10 14 17 19 20 31
4 9 13 16 17 18 28
3 8 12 13 14 15 26
1 2 3 4 5 6 22
2 7 8 9 10 11 24
6 11 15 18 20 21 32
6 11 15 18 20 21 33
5 10 14 17 19 20 30
3 8 12 13 14 15 27
4
1 4 6 7
7 12 13 17
4 7 9 12
7 9 10 13
10 13 14 17
1 4 7 10
6 9 10 14
10
3 5 7 10 12 16 19 21 25 26
22 24 26 30 36 40 43 47 52 55
29 32 37 38 40 43 48 52 60 63
25 29 33 34 37 42 44 51 56 58
7 12 13 17 20 21 24 26 33 37
19 25 27 28 32 35 41 43 44 48
11 12 17 20 23 27 28 33 39 41
25 32 36 39 43 45 48 52 56 60
3 7 10 11 15 17 18 22 25 29
16 22 23 27 30 34 37 40 42 43
17 19 21 25 28 34 35 38 45 49
18 21 24 29 33 37 41 43 48 50
15 16 20 21 27 30 32 35 43 45
26 34 39 41 45 49 50 55 58 63
10 16 17 20 21 25 29 30 34 38
21 28 30 33 35 38 43 47 51 52
5 9 11 12 16 19 21 24 29 32
7 9 12 16 19 22 25 28 32 34
10 11 13 17 22 23 27 30 36 39
8
6 7 9 14 17 19 22 23
13 17 22 25 29 30 32 34
3 4 6 7 10 12 13 15
8 11 12 17 23 26 29 31
4 5 7 10 11 14 17 18
7 10 11 16 20 23 25 28
3 4 6 7 8 9 11 14
10 13 17 20 23 25 27 28
7 11 14 16 17 20 21 24
9 14 15 20 25 27 30 33
6 8 9 11 12 15 20 22
15 19 23 28 31 33 35 37
4 5 8 11 13 16 17 19
11 17 20 21 27 30 32 35
12 16 19 23 26 27 30 33
8
21 24 26 27 29 35 37 40
3 5 6 7 10 11 14 15
11 15 18 25 27 29 32 35
7 11 15 20 21 24 25 27
10 14 17 20 23 25 28 31
16 18 22 24 26 29 32 36
6 9 13 17 20 22 23 26
8 11 13 15 17 18 19 22
19 21 23 25 27 32 35 37
3 5 8 10 13 16 19 21
5 7 11 14 16 18 21 24
5 7 9 11 12 15 16 19
15 19 22 31 33 36 37 40
13 16 20 21 24 27 30 33
14 16 19 28 30 32 35 37
4
45 68 70 81
24 34 44 53
53 81 96 139
34 68 75 93
86 93 114 139
24 45 63 86
44 70 95 114
4
4 8 12 16
5 6 7 8
1 2 3 4
9 10 11 12
2 6 10 14
1 5 9 13
13 14 15 16
4
8 10 11 13
1 2 3 7
3 5 6 12
3 5 6 11
1 2 3 8
7 9 12 13
2 4 5 9
4
7 9 14 19
5 8 14 15
1 2 7 10
8 11 19 21
2 4 8 11
3 4 9 14
10 14 15 21
2
22 222
2 22
22 222
7
29 30 31 32 33 34 35
1 2 3 4 5 6 7
36 37 38 39 40 41 42
4 11 18 25 32 39 46
1 8 15 22 29 36 43
7 14 21 28 35 42 49
15 16 17 18 19 20 21
8 9 10 11 12 13 14
22 23 24 25 26 27 28
3 10 17 24 31 38 45
2 9 16 23 30 37 44
5 12 19 26 33 40 47
6 13 20 27 34 41 48
2
6 8
4 8
2 4
2
2 3
3 6
5 6
2
4 8
6 8
2 6
2
5 7
3 5
4 7
9
4 7 11 14 19 24 28 29 34
7 15 16 21 27 31 34 35 39
19 22 27 31 36 39 41 42 43
5 11 13 15 22 25 29 33 35
34 35 39 44 50 55 58 61 64
14 15 21 23 27 30 34 35 38
28 29 34 36 42 44 48 55 59
4 5 7 9 10 14 18 21 22
14 21 26 30 39 42 44 48 55
7 11 15 19 20 21 26 27 31
24 25 31 32 37 42 47 51 53
29 33 35 39 47 48 52 59 60
9 19 22 23 31 32 36 39 44
18 26 29 34 41 47 48 52 58
22 31 35 38 43 53 59 60 64
11 13 16 22 24 26 29 34 35
10 20 24 27 36 37 42 47 50
5
9 13 14 17 22
6 9 14 16 20
1 5 9 10 14
14 18 22 25 29
10 14 16 21 25
10 13 17 21 23
14 15 20 23 29
2 6 13 14 15
1 2 6 10 14
2
3 6
2 3
4 6
3
3 4 5
3 4 5
1 2 3
2 3 4
1 2 3
3
2 3 4
2 3 4
3 4 5
1 2 3
1 2 3
10
13 15 18 20 21 23 25 27 28 29
16 18 21 23 24 26 27 30 31 32
12 13 15 18 20 22 24 25 26 27
11 13 16 17 20 22 24 25 26 28
8 9 12 15 17 19 20 21 23 24
6 7 10 13 15 16 17 20 21 23
9 11 14 16 19 21 22 23 25 26
13 14 17 19 22 23 25 27 28 30
7 10 13 15 17 19 20 22 24 25
3 7 8 10 12 14 15 17 19 20
2 5 6 7 9 11 13 14 15 17
14 15 19 20 24 25 26 28 30 31
1 2 3 5 7 9 11 13 14 16
10 11 14 17 19 21 22 23 24 26
3 5 7 9 10 11 13 15 17 18
4 6 8 11 13 14 16 18 20 21
5 9 11 13 15 17 18 19 20 22
1 3 4 6 8 10 12 13 14 16
16 17 20 22 25 26 28 29 31 32
