50
3
1 2 3
2 3 5
3 5 6
2 3 4
1 2 3
2
2 22
22 222
2 22
7
13 22 26 30 33 37 42
4 8 10 12 16 19 22
1 2 4 8 9 10 13
1 4 6 7 11 14 18
8 12 16 20 24 27 30
18 22 29 30 33 38 42
11 18 19 24 28 32 33
6 10 12 16 20 23 26
10 19 23 24 32 36 38
4 10 12 17 19 25 29
9 16 20 22 28 32 33
2 8 10 14 18 21 22
14 21 25 27 32 36 37
5
7 10 14 18 21
1 3 5 7 9
8 12 15 18 20
9 13 17 20 24
10 14 18 21 24
4 7 9 10 13
5 10 13 14 17
3 7 10 12 14
5 9 13 15 18
7
22 23 24 25 26 27 28
5 12 19 26 33 40 47
8 9 10 11 12 13 14
3 10 17 24 31 38 45
15 16 17 18 19 20 21
6 13 20 27 34 41 48
2 9 16 23 30 37 44
43 44 45 46 47 48 49
1 2 3 4 5 6 7
4 11 18 25 32 39 46
7 14 21 28 35 42 49
1 8 15 22 29 36 43
29 30 31 32 33 34 35
2
2 4
2 6
6 8
3
3 4 5
2 3 4
1 2 3
3 4 5
1 2 3
9
9 15 20 25 27 32 35 38 42
5 11 12 20 24 28 29 32 35
14 18 24 28 30 37 42 47 50
8 11 12 15 19 24 26 31 32
26 29 35 39 47 48 56 64 69
19 22 26 35 42 47 49 51 56
16 22 28 30 35 38 47 52 55
6 12 15 25 28 30 35 36 39
14 20 24 32 37 38 42 45 48
1 4 5 6 10 14 19 23 25
6 10 11 12 17 20 22 26 28
4 10 11 15 18 22 23 27 29
19 23 29 35 38 42 49 57 60
10 17 19 27 30 35 38 43 47
23 26 31 38 47 52 57 62 64
25 28 32 42 50 55 60 63 69
1 6 8 9 14 16 19 23 26
7
2 3 4 5 6 7 8
1 2 3 4 5 6 7
1 2 3 4 5 6 7
3 4 5 6 7 8 9
5 6 7 8 9 10 11
5 6 7 8 9 10 11
4 5 6 7 8 9 10
7 8 9 10 11 12 13
7 8 9 10 11 12 13
3 4 5 6 7 8 9
6 7 8 9 10 11 12
4 5 6 7 8 9 10
6 7 8 9 10 11 12
9
12 17 18 20 23 25 27 28 30
10 12 13 16 17 21 22 25 26
11 15 17 18 21 22 24 25 26
7 11 13 14 15 17 19 22 23
6 9 11 12 14 16 18 20 21
4 6 8 9 11 13 15 17 18
3 6 8 10 11 12 14 16 17
15 17 19 21 23 25 26 30 31
6 10 11 12 14 17 18 20 21
5 8 10 11 13 15 17 18 20
5 8 10 11 12 13 15 17 19
13 18 20 21 24 26 28 30 31
8 11 12 14 15 19 21 23 24
9 13 15 17 19 21 22 23 25
12 14 15 18 19 22 24 27 28
13 16 17 20 22 23 25 28 30
2 3 5 6 7 9 11 12 13
2
10 14
5 10
10 14
7
22 25 27 29 31 33 34
1 2 3 4 5 6 22
23 24 26 28 30 32 34
4 9 13 16 17 18 28
6 11 15 18 20 21 32
4 9 13 16 17 18 29
5 10 14 17 19 20 31
2 7 8 9 10 11 25
3 8 12 13 14 15 26
5 10 14 17 19 20 30
6 11 15 18 20 21 33
3 8 12 13 14 15 27
2 7 8 9 10 11 24
7
5 7 9 10 12 14 15
7 9 12 13 14 16 17
11 14 16 22 25 26 30
13 15 16 18 23 25 28
2 5 7 10 13 15 17
4 7 9 13 15 16 20
7 10 13 17 18 21 25
2 4 6 7 8 11 13
13 15 17 24 28 31 32
15 16 18 21 24 26 31
6 9 12 15 16 18 23
10 13 15 17 20 22 24
8 12 14 20 23 24 28
10
2 3 4 5 6 7 8 9 10 11
5 6 7 8 9 10 11 12 13 14
8 9 10 11 12 13 14 15 16 17
4 5 6 7 8 9 10 11 12 13
1 2 3 4 5 6 7 8 9 10
7 8 9 10 11 12 13 14 15 16
5 6 7 8 9 10 11 12 13 14
10 11 12 13 14 15 16 17 18 19
4 5 6 7 8 9 10 11 12 13
6 7 8 9 10 11 12 13 14 15
3 4 5 6 7 8 9 10 11 12
10 11 12 13 14 15 16 17 18 19
1 2 3 4 5 6 7 8 9 10
9 10 11 12 13 14 15 16 17 18
9 10 11 12 13 14 15 16 17 18
8 9 10 11 12 13 14 15 16 17
2 3 4 5 6 7 8 9 10 11
7 8 9 10 11 12 13 14 15 16
3 4 5 6 7 8 9 10 11 12
10
9 17 24 30 35 39 42 44 45 63
8 16 23 29 34 38 41 43 44 60
5 13 20 26 31 32 33 34 35 54
3 11 18 19 20 21 22 23 24 51
47 49 51 52 54 56 58 61 63 64
7 15 22 28 33 37 40 41 42 58
8 16 23 29 34 38 41 43 44 61
6 14 21 27 32 36 37 38 39 57
2 10 11 12 13 14 15 16 17 48
2 10 11 12 13 14 15 16 17 49
46 48 50 53 55 57 59 60 62 64
5 13 20 26 31 32 33 34 35 55
7 15 22 28 33 37 40 41 42 59
1 2 3 4 5 6 7 8 9 47
1 2 3 4 5 6 7 8 9 46
4 12 19 25 26 27 28 29 30 53
9 17 24 30 35 39 42 44 45 62
6 14 21 27 32 36 37 38 39 56
3 11 18 19 20 21 22 23 24 50
10
32 43 44 64 76 93 99 103 104 126
65 93 124 144 178 203 209 222 237 247
46 64 78 101 141 159 169 170 200 223
104 134 148 159 161 203 218 230 242 259
16 36 43 46 52 65 67 70 71 94
36 43 61 83 124 134 137 160 171 192
43 44 75 99 140 148 149 162 178 204
70 103 147 165 200 230 253 267 271 285
16 32 56 78 99 104 122 143 164 168
52 76 102 115 154 161 174 193 217 245
56 61 75 78 102 124 135 147 170 191
164 171 178 200 217 237 249 271 289 322
71 104 170 182 225 242 254 286 289 291
99 124 140 141 154 178 199 200 225 235
143 160 162 170 193 222 241 267 286 300
94 126 191 199 235 259 261 300 322 335
122 137 149 169 174 209 235 253 254 261
168 192 204 223 245 247 269 285 291 335
78 83 99 101 115 144 147 165 182 199
9
5 8 12 16 20 23 25 27 30
12 16 19 23 29 30 34 38 43
8 12 15 19 24 28 30 32 33
21 24 29 33 38 40 44 46 51
20 25 30 32 38 41 44 46 50
12 15 19 21 30 31 33 39 42
27 30 34 35 44 48 50 52 57
30 38 42 45 51 52 57 59 60
27 34 39 40 46 50 52 56 59
16 19 21 28 33 34 35 42 45
32 33 43 45 50 54 57 59 60
5 7 12 16 21 22 27 30 32
23 26 31 35 40 42 48 50 54
30 32 38 42 46 50 54 56 59
25 31 33 39 44 49 50 54 57
16 19 23 28 32 35 39 40 45
7 12 16 19 25 26 31 34 38
4
7 12 14 18
9 13 18 19
8 9 14 17
2 4 7 10
4 8 9 13
2 4 8 9
10 14 17 19
3
9 11 15
5 8 13
2 6 9
2 5 9
9 13 15
4
4 5 7 8
2 4 5 7
3 4 5 7
4 5 7 9
1 2 4 5
1 3 4 5
5 7 8 11
2
2 22
22 222
22 222
4
3 4 6 7
1 3 5 7
5 7 9 10
4 6 9 10
1 3 4 6
7 8 10 12
3 4 7 8
7
4 8 10 11 14 16 18
1 2 4 7 10 12 15
10 14 15 16 20 21 25
1 2 3 5 8 11 13
7 11 14 15 17 20 22
3 6 10 14 15 19 21
2 5 6 7 9 14 15
8 9 14 17 20 23 26
15 18 21 25 26 28 31
13 15 18 22 25 27 31
11 14 16 20 21 26 28
12 17 19 22 23 26 27
2 5 8 11 14 17 18
2
2 6
6 8
4 8
4
7 11 16 18
16 18 21 22
7 11 14 15
11 15 18 22
9 14 17 21
11 16 17 18
5 7 9 11
2
4 7
5 7
2 4
4
2 4 5 10
3 5 6 12
8 10 11 13
3 5 6 11
1 2 3 8
7 9 12 13
2 4 5 9
10
5 7 9 12 14 15 16 17 20 21
14 15 18 20 22 25 28 30 32 34
14 15 18 20 23 26 28 29 31 32
6 7 10 12 13 14 15 16 18 20
1 3 5 6 7 9 10 12 14 16
2 4 6 7 9 10 12 13 15 17
9 10 13 15 18 20 21 23 24 25
4 5 8 10 11 13 15 16 18 20
5 6 8 9 11 13 14 15 17 18
16 17 20 21 24 28 30 32 33 34
7 9 11 14 16 17 18 20 21 22
7 9 11 13 16 18 19 21 23 24
13 14 17 18 21 24 27 29 31 33
10 12 14 15 18 21 23 25 28 30
12 13 16 17 21 24 25 26 29 30
8 10 13 14 17 20 22 24 26 28
3 4 5 7 9 10 12 13 14 15
11 13 15 16 20 23 25 26 29 32
1 2 4 5 7 8 10 11 13 14
9
6 8 15 16 20 21 26 29 32
13 16 20 21 23 27 29 33 34
4 7 12 14 17 20 23 25 28
16 17 23 26 27 30 31 34 36
17 19 25 29 30 32 33 37 38
1 2 4 6 8 11 12 13 15
7 9 12 15 18 20 22 23 26
12 16 22 26 28 29 31 33 40
11 13 20 23 26 27 30 32 37
18 20 28 32 34 37 40 42 44
2 5 9 10 14 16 17 19 20
4 5 7 8 10 13 16 19 20
8 10 18 20 21 23 27 30 34
11 14 17 20 21 26 28 30 33
9 10 14 16 20 23 26 29 30
13 19 23 29 30 33 34 37 42
1 4 7 9 11 13 16 17 18
9
4 5 9 11 16 17 18 19 24
17 25 30 32 35 39 44 45 47
26 31 33 34 37 44 47 52 54
10 11 16 21 24 30 35 37 40
30 32 36 40 42 45 48 56 59
19 33 37 44 49 51 52 56 59
16 20 24 25 29 34 37 42 46
4 8 10 15 17 21 26 30 35
17 20 24 27 29 35 43 49 51
9 14 16 20 24 28 33 36 38
35 37 38 42 46 47 52 59 64
21 26 28 30 34 39 45 51 53
8 10 14 15 20 25 30 33 35
24 35 40 48 51 53 54 59 64
11 15 21 23 27 30 34 40 42
5 10 11 16 20 26 31 32 37
15 16 20 23 25 32 39 44 48
2
4 6
2 3
3 6
2
2 6
4 8
2 4
4
2 3 4 5
3 4 5 6
1 2 3 4
1 2 3 4
2 3 4 5
4 5 6 7
4 5 6 7
7
35 65 76 99 100 113 127
59 88 106 126 151 164 176
33 52 89 99 100 126 139
5 14 34 35 52 59 84
52 79 84 100 105 119 132
25 44 51 65 79 88 109
14 44 47 52 57 80 114
74 80 108 113 119 164 167
84 109 121 139 164 167 192
89 114 120 127 132 176 192
52 57 97 100 105 151 164
5 25 27 33 52 74 89
27 47 65 76 84 106 121
10
8 9 10 12 13 16 17 18 20 21
3 4 6 7 9 10 11 13 15 17
1 2 4 5 7 9 10 12 14 15
9 10 12 14 16 17 18 21 24 26
13 15 17 19 20 21 23 24 25 27
14 17 19 20 22 24 25 26 28 29
10 11 13 15 17 18 20 23 25 27
12 13 14 16 17 18 20 22 24 25
5 7 9 10 12 14 16 19 20 23
12 13 15 16 18 20 22 24 26 28
14 15 17 19 20 22 24 25 28 29
15 17 18 20 21 23 25 27 29 31
7 9 11 12 13 16 17 20 22 25
4 6 7 9 11 12 13 15 17 18
6 7 8 10 12 14 15 16 19 20
10 11 12 14 16 17 18 20 22 23
2 4 6 7 9 11 13 15 17 18
16 18 21 23 25 26 27 28 29 31
4 6 7 8 10 12 14 17 19 21
4
11 14 36 49
11 31 48 53
53 78 97 118
49 72 85 118
31 44 56 72
48 50 69 85
14 44 50 78
6
10 12 16 19 22 23
9 11 14 18 22 23
1 4 7 8 9 10
8 10 12 17 19 20
1 2 4 7 10 12
7 9 14 17 18 21
7 9 11 14 16 18
4 6 11 12 14 15
10 14 15 21 23 24
2 5 9 10 11 14
4 5 6 9 12 15
7
9 11 13 15 17 19 20
4 6 7 8 10 12 13
2 5 6 8 10 11 12
8 11 12 13 14 17 19
7 10 12 14 16 17 19
6 10 11 12 13 16 17
4 6 7 9 11 12 14
3 5 6 7 8 10 11
5 7 8 10 12 13 15
5 8 9 10 11 14 15
6 8 10 11 13 14 17
1 2 4 5 6 7 9
1 3 4 5 6 8 9
2
4 8
2 4
6 8
6
16 21 25 33 37 40
18 20 24 30 37 40
6 11 15 18 21 23
3 11 14 16 20 23
18 23 26 36 40 42
1 3 8 13 16 18
11 14 16 23 25 26
21 23 29 32 40 42
15 16 17 28 33 36
1 6 11 15 18 21
13 18 23 28 30 32
7
10 15 20 23 27 31 35
23 35 38 40 43 46 49
5 10 11 14 16 18 21
14 24 26 29 32 35 40
21 30 38 40 46 48 49
5 6 10 12 17 18 23
18 29 34 36 42 43 46
10 20 25 26 31 34 38
17 27 28 32 39 42 46
11 19 25 26 28 32 38
16 25 31 34 39 42 43
6 15 19 24 25 29 30
12 23 26 29 34 36 40
7
17 22 30 35 37 42 45
11 15 21 25 30 32 35
23 26 30 36 42 45 49
14 20 25 30 35 36 37
5 6 11 14 17 22 27
16 21 23 30 35 38 42
6 12 15 21 22 26 33
19 22 26 35 37 40 43
11 16 21 23 26 30 35
5 8 11 16 19 23 28
22 26 32 38 40 45 47
8 12 16 20 22 26 31
28 33 35 37 45 47 52
3
2 3 4
1 2 3
3 4 5
1 2 3
2 3 4
4
4 6 9 12
5 8 11 14
3 5 8 10
8 10 12 14
6 8 9 11
2 4 6 8
4 5 6 8
3
3 4 5
2 3 4
1 2 3
2 3 4
3 4 5
5
8 13 16 17 18
6 8 10 13 15
10 15 18 20 23
5 10 12 15 16
3 4 5 8 10
9 12 15 17 20
7 11 12 16 18
10 15 16 18 23
3 6 7 9 10
4
1 2 3 4
3 7 11 15
1 5 9 13
5 6 7 8
4 8 12 16
13 14 15 16
2 6 10 14
10
71 72 73 74 75 76 77 78 79 80
51 52 53 54 55 56 57 58 59 60
10 20 30 40 50 60 70 80 90 100
6 16 26 36 46 56 66 76 86 96
91 92 93 94 95 96 97 98 99 100
1 11 21 31 41 51 61 71 81 91
3 13 23 33 43 53 63 73 83 93
41 42 43 44 45 46 47 48 49 50
1 2 3 4 5 6 7 8 9 10
21 22 23 24 25 26 27 28 29 30
61 62 63 64 65 66 67 68 69 70
2 12 22 32 42 52 62 72 82 92
8 18 28 38 48 58 68 78 88 98
4 14 24 34 44 54 64 74 84 94
11 12 13 14 15 16 17 18 19 20
5 15 25 35 45 55 65 75 85 95
9 19 29 39 49 59 69 79 89 99
7 17 27 37 47 57 67 77 87 97
81 82 83 84 85 86 87 88 89 90
10
6 10 13 16 19 20 21 22 25 27
4 6 7 10 11 13 14 18 19 20
9 11 12 19 21 24 28 29 32 33
2 3 5 6 8 10 13 15 17 18
18 19 21 25 27 35 37 42 45 48
3 6 8 9 11 13 15 18 19 22
7 8 9 13 15 17 18 19 21 23
13 14 18 25 28 30 33 36 37 41
10 13 15 20 22 27 30 33 35 37
2 4 7 8 9 10 13 15 18 21
8 11 15 19 21 22 23 25 27 29
8 9 10 16 19 22 25 26 29 31
13 15 17 21 23 30 33 34 36 39
15 18 19 26 29 33 34 39 42 43
10 13 17 22 24 27 30 33 35 38
18 20 23 31 33 37 39 42 48 49
5 7 9 10 12 15 17 19 21 25
21 22 25 27 29 38 41 43 48 49
15 18 19 22 25 33 36 39 41 42
7
9 11 12 17 19 21 24
19 20 26 31 33 35 38
17 18 24 25 28 31 35
4 9 13 17 19 21 26
13 17 20 22 27 29 34
26 27 30 37 43 47 50
21 22 29 32 38 43 47
11 19 27 28 33 38 43
19 24 34 35 38 47 50
10 17 22 25 31 32 37
4 5 9 10 11 14 19
9 12 20 24 26 29 30
5 11 17 18 20 22 27
